,mu,low_HT16,high_HT16,low_HT17,high_HT17,low_HT18,high_HT18
mu,1.0,-0.06520714406802265,0.13820622764755452,-0.017405429620299156,-0.0829291750580117,-0.11181829716629041,0.14946987293461575
low_HT16,-0.06520714406802265,1.0,-0.22173402416400015,0.001134958138276621,0.005407575068050354,0.007291351819472838,-0.009746503137282373
high_HT16,0.13820622764755452,-0.22173402416400015,1.0,-0.002405538658865584,-0.011461328291807819,-0.01545398451385715,0.020657666343961902
low_HT17,-0.017405429620299156,0.001134958138276621,-0.002405538658865584,1.0,-0.40944767434090673,0.0019462459089474259,-0.002601587982619437
high_HT17,-0.0829291750580117,0.005407575068050354,-0.011461328291807819,-0.40944767434090673,1.0,0.009272998804041595,-0.012395412637567734
low_HT18,-0.11181829716629041,0.007291351819472838,-0.01545398451385715,0.0019462459089474259,0.009272998804041595,1.0,-0.35093910704296694
high_HT18,0.14946987293461575,-0.009746503137282373,0.020657666343961902,-0.002601587982619437,-0.012395412637567734,-0.35093910704296694,1.0
