,mu,low_HT16_4b,high_HT16_4b,low_HT17_4b,high_HT17_4b,low_HT18_4b,high_HT18_4b
mu,1.0,-0.10896994544877925,0.2933502687546244,-0.040858733333823345,-0.0365898004661462,-0.14573626376712018,0.20829269803254533
low_HT16_4b,-0.10896994544877925,1.0,-0.2485788017755897,0.00445237320835066,0.003987188681151492,0.015880872455013805,-0.02269764537664745
high_HT16_4b,0.2933502687546244,-0.2485788017755897,1.0,-0.01198591967428022,-0.010733627293173896,-0.04275177255063379,0.06110272051120252
low_HT17_4b,-0.040858733333823345,0.00445237320835066,-0.01198591967428022,1.0,-0.4667132608148529,0.005954598680214857,-0.008510575068064607
high_HT17_4b,-0.0365898004661462,0.003987188681151492,-0.010733627293173896,-0.4667132608148529,1.0,0.005332460166486468,-0.007621389231764733
low_HT18_4b,-0.14573626376712018,0.015880872455013805,-0.04275177255063379,0.005954598680214857,0.005332460166486468,1.0,-0.38869537080562816
high_HT18_4b,0.20829269803254533,-0.02269764537664745,0.06110272051120252,-0.008510575068064607,-0.007621389231764733,-0.38869537080562816,1.0
