,mu,low_HT16_3b1f_0,high_HT16_3b1f_0,low_HT16_3b1f_1,high_HT16_3b1f_1,low_HT17_3b1f_0,high_HT17_3b1f_0,low_HT17_3b1f_1,high_HT17_3b1f_1,low_HT18_3b1f_0,high_HT18_3b1f_0,low_HT18_3b1f_1,high_HT18_3b1f_1
mu,1.0,0.0601511425933784,-0.3768510008063955,-0.025895397453712245,-0.1747217797375323,0.04861965615911914,-0.5279501025723163,-0.03757179424498482,-0.2759375892844412,-0.14716858207287226,0.1894691276016329,-0.0633251981013874,0.2886728129241339
low_HT16_3b1f_0,0.0601511425933784,1.0,-0.2619425586046354,-0.00155764054738633,-0.010509702281656126,0.002924530843062231,-0.0317567970443054,-0.002259921133176969,-0.01659796430318878,-0.008852366186396758,0.01139679733090428,-0.003809085498946543,0.01736401386806181
high_HT16_3b1f_0,-0.3768510008063955,-0.2619425586046354,1.0,0.009758709368100117,0.06584407309863775,-0.018322376131935828,0.19895851486943694,0.01415898038186097,0.10398733417603091,0.05546064244466068,-0.07140167185312812,0.023864153877525142,-0.10878661847732196
low_HT16_3b1f_1,-0.025895397453712245,-0.00155764054738633,0.009758709368100117,1.0,-0.1220159826942745,-0.0012590304553486667,0.013671488911976034,0.0009729963739874967,0.007145492768109667,0.003810985653620538,-0.004906375258377871,0.001639828115005983,-0.007475282652320181
high_HT16_3b1f_1,-0.1747217797375323,-0.010509702281656126,0.06584407309863775,-0.1220159826942745,1.0000000000000002,-0.008494893528009416,0.09224439830515715,0.006564754336247703,0.04821229062544363,0.025713577917740985,-0.033104406289221025,0.01106430570884908,-0.050437425050286554
low_HT17_3b1f_0,0.04861965615911914,0.002924530843062231,-0.018322376131935828,-0.0012590304553486667,-0.008494893528009416,1.0000000000000002,-0.17107761664117774,-0.001826694337376639,-0.013416002919916617,-0.007155290885142954,0.009211928545530422,-0.003078853505485007,0.014035174063750565
high_HT17_3b1f_0,-0.5279501025723163,-0.0317567970443054,0.19895851486943694,0.013671488911976034,0.09224439830515715,-0.17107761664117774,0.9999999999999999,0.019836124350319402,0.14568126874234524,0.07769768170039897,-0.100030278492073,0.03343255127646882,-0.1524048675270363
low_HT17_3b1f_1,-0.03757179424498482,-0.002259921133176969,0.01415898038186097,0.0009729963739874967,0.006564754336247703,-0.001826694337376639,0.019836124350319402,1.0,-0.0965759342245268,0.005529368467502161,-0.007118467894479436,0.002379341282626373,-0.01084599065719764
high_HT17_3b1f_1,-0.2759375892844412,-0.01659796430318878,0.10398733417603091,0.007145492768109667,0.04821229062544363,-0.013416002919916617,0.14568126874234524,-0.0965759342245268,0.9999999999999998,0.04060935444416056,-0.05228172580315213,0.017473777534237386,-0.07965567421981659
low_HT18_3b1f_0,-0.14716858207287226,-0.008852366186396758,0.05546064244466068,0.003810985653620538,0.025713577917740985,-0.007155290885142954,0.07769768170039897,0.005529368467502161,0.04060935444416056,0.9999999999999999,-0.43008510966811697,0.009319497673299483,-0.04248354333059272
high_HT18_3b1f_0,0.1894691276016329,0.01139679733090428,-0.07140167185312812,-0.004906375258377871,-0.033104406289221025,0.009211928545530422,-0.100030278492073,-0.007118467894479436,-0.05228172580315213,-0.43008510966811697,1.0000000000000002,-0.011998176547993643,0.05469457907792428
low_HT18_3b1f_1,-0.0633251981013874,-0.003809085498946543,0.023864153877525142,0.001639828115005983,0.01106430570884908,-0.003078853505485007,0.03343255127646882,0.002379341282626373,0.017473777534237386,0.009319497673299483,-0.011998176547993643,1.0,-0.06445138726333714
high_HT18_3b1f_1,0.2886728129241339,0.01736401386806181,-0.10878661847732196,-0.007475282652320181,-0.050437425050286554,0.014035174063750565,-0.1524048675270363,-0.01084599065719764,-0.07965567421981659,-0.04248354333059272,0.05469457907792428,-0.06445138726333714,1.0000000000000002
