,mu,low_HT16_4b_0,high_HT16_4b_0,low_HT16_4b_1,high_HT16_4b_1,low_HT16_4b_2,high_HT16_4b_2,low_HT17_4b_0,high_HT17_4b_0,low_HT17_4b_1,high_HT17_4b_1,low_HT17_4b_2,high_HT17_4b_2,low_HT18_4b_0,high_HT18_4b_0,low_HT18_4b_1,high_HT18_4b_1,low_HT18_4b_2,high_HT18_4b_2
mu,1.0,-0.01517260646621662,-0.007417013207702124,-0.019105622738030067,0.0331426155451316,-0.002494062048529869,0.07030415383240919,0.06034940222619752,-0.25030544752991457,0.015577354832728405,-0.1472653780281527,-0.018379004837109837,0.024267107064441018,0.04055727423467824,-0.24870670147755367,0.004337093740954721,-0.1745732731334078,-0.017646015224943738,-0.08655500088025912
low_HT16_4b_0,-0.01517260646621662,0.9999999999999999,-0.24749438326452725,0.0002899334031238946,-0.0005028764174760313,3.785174489253448e-05,-0.0010666797665585006,-0.0009156712582032914,0.0037977953823172036,-0.00023631272876949448,0.0022343842048602705,0.0002787777984060363,-0.00036814288697432695,-0.0006153831026114915,0.0037735254034786097,-6.580622098423696e-05,0.0026487355406296063,0.00026772684874962644,0.0013132485362284125
high_HT16_4b_0,-0.007417013207702124,-0.24749438326452725,1.0000000000000002,0.0001417311454097259,-0.000245831625610643,1.853928426156525e-05,-0.0005214483629165079,-0.00044762487921076976,0.0018565234798125145,-0.00011549507064109748,0.0010922639745323055,0.00013635990786188494,-0.0001799583885922535,-0.00030083596340044905,0.0018446491160286622,-3.2173570499114995e-05,0.0012948011594347457,0.0001308910422342055,0.0006419810548713029
low_HT16_4b_1,-0.019105622738030067,0.0002899334031238946,0.0001417311454097259,1.0000000000000002,-0.133506336867662,4.754291481413658e-05,-0.001343273963876836,-0.001152905606043745,0.0047821785392344295,-0.00029780988944909387,0.0028137308593371426,0.00035122534739441097,-0.0004640369089535148,-0.0007749166084109326,0.0047517098775536806,-8.279489930568478e-05,0.003335383544668638,0.0003371674259520139,0.001653760742079096
high_HT16_4b_1,0.0331426155451316,-0.0005028764174760313,-0.000245831625610643,-0.133506336867662,1.0,-8.26791723861275e-05,0.002330062607164626,0.002000134045220379,-0.008295778397523412,0.000516215781410404,-0.004880737318941312,-0.0006091687013547139,0.0008042330099699251,0.0013441753219666501,-0.008242794595904384,0.00014373723134152857,-0.005785818441620703,-0.0005848398785737623,-0.002868660155470949
low_HT16_4b_2,-0.002494062048529869,3.785174489253448e-05,1.853928426156525e-05,4.754291481413658e-05,-8.26791723861275e-05,0.9999999999999999,-0.014715252618736144,-0.00015048038210327625,0.0006242292503035342,-3.87819924912384e-05,0.00036730303743182395,4.6020191225151114e-05,-6.0597700954032945e-05,-0.00010115090594891034,0.0006202755945505289,-1.082980887124728e-05,0.00043536784980502223,4.398355970925708e-05,0.00021593282161549418
high_HT16_4b_2,0.07030415383240919,-0.0010666797665585006,-0.0005214483629165079,-0.001343273963876836,0.002330062607164626,-0.014715252618736144,1.0,0.004242825992749846,-0.0175975390110697,0.0010951808352436963,-0.010353362687463525,-0.0012921118391321187,0.0017060098012679499,0.002851327761606898,-0.01748513088035305,0.00030492747326102025,-0.012273234016122316,-0.0012405923359941951,-0.006085180157811125
low_HT17_4b_0,0.06034940222619752,-0.0009156712582032914,-0.00044762487921076976,-0.001152905606043745,0.002000134045220379,-0.00015048038210327625,0.004242825992749846,0.9999999999999999,-0.3531296391990898,0.0009401306988369952,-0.008887412893024221,-0.001109224978186651,0.0014646342480037263,0.002447608503752468,-0.015009312310302303,0.00026170242674817943,-0.010535397241561934,-0.001064904784469038,-0.005223568171566664
high_HT17_4b_0,-0.25030544752991457,0.0037977953823172036,0.0018565234798125145,0.0047821785392344295,-0.008295778397523412,0.0006242292503035342,-0.0175975390110697,-0.3531296391990898,1.0,-0.0038991313045051447,0.03686135085705204,0.004600313334275469,-0.006074255611658401,-0.01015171945382787,0.06225265527311958,-0.0010855794164611697,0.04369664510958915,0.004416873736040405,0.021665198714919537
low_HT17_4b_1,0.015577354832728405,-0.00023631272876949448,-0.00011549507064109748,-0.00029780988944909387,0.000516215781410404,-3.87819924912384e-05,0.0010951808352436963,0.0009401306988369952,-0.0038991313045051447,1.0000000000000002,-0.28590875037166336,-0.00028613755037477874,0.00037783236849161107,0.0006317408713273154,-0.003874187981569611,6.755649827585097e-05,-0.00271938943183798,-0.00027490420053546776,-0.001348173638515413
high_HT17_4b_1,-0.1472653780281527,0.0022343842048602705,0.0010922639745323055,0.0028137308593371426,-0.004880737318941312,0.00036730303743182395,-0.010353362687463525,-0.008887412893024221,0.03686135085705204,-0.28590875037166336,1.0,0.002706506173339376,-0.0035735277560354837,-0.005972667923859368,0.03662588383631032,-0.0006387205329962609,0.025708588303856226,0.0025986688177860847,0.012746516381918883
low_HT17_4b_2,-0.018379004837109837,0.0002787777984060363,0.00013635990786188494,0.00035122534739441097,-0.0006091687013547139,4.6020191225151114e-05,-0.0012921118391321187,-0.001109224978186651,0.004600313334275469,-0.00028613755037477874,0.002706506173339376,1.0,-0.05812017822016494,-0.0007454289114870312,0.004570966322102789,-7.973546838848534e-05,0.0032084861566453677,0.00032431133862089964,0.0015907601398276502
high_HT17_4b_2,0.024267107064441018,-0.00036814288697432695,-0.0001799583885922535,-0.0004640369089535148,0.0008042330099699251,-6.0597700954032945e-05,0.0017060098012679499,0.0014646342480037263,-0.006074255611658401,0.00037783236849161107,-0.0035735277560354837,-0.05812017822016494,1.0,0.0009841549166507125,-0.006035374268597184,0.00010531872419479766,-0.00423632425908086,-0.00042826256254342477,-0.002100352203768376
low_HT18_4b_0,0.04055727423467824,-0.0006153831026114915,-0.00030083596340044905,-0.0007749166084109326,0.0013441753219666501,-0.00010115090594891034,0.002851327761606898,0.002447608503752468,-0.01015171945382787,0.0006317408713273154,-0.005972667923859368,-0.0007454289114870312,0.0009841549166507125,1.0,-0.2958986478334237,0.0001758878545914768,-0.007080200263691848,-0.0007156658733908007,-0.003510428474543272
high_HT18_4b_0,-0.24870670147755367,0.0037735254034786097,0.0018446491160286622,0.0047517098775536806,-0.008242794595904384,0.0006202755945505289,-0.01748513088035305,-0.015009312310302303,0.06225265527311958,-0.003874187981569611,0.03662588383631032,0.004570966322102789,-0.006035374268597184,-0.2958986478334237,1.0000000000000002,-0.0010786793658545714,0.043417550390887946,0.004388671569160436,0.021526814221217952
low_HT18_4b_1,0.004337093740954721,-6.580622098423696e-05,-3.2173570499114995e-05,-8.279489930568478e-05,0.00014373723134152857,-1.082980887124728e-05,0.00030492747326102025,0.00026170242674817943,-0.0010855794164611697,6.755649827585097e-05,-0.0006387205329962609,-7.973546838848534e-05,0.00010531872419479766,0.0001758878545914768,-0.0010786793658545714,0.9999999999999998,-0.20634690352122553,-7.652848058489562e-05,-0.0003754068555449211
high_HT18_4b_1,-0.1745732731334078,0.0026487355406296063,0.0012948011594347457,0.003335383544668638,-0.005785818441620703,0.00043536784980502223,-0.012273234016122316,-0.010535397241561934,0.04369664510958915,-0.00271938943183798,0.025708588303856226,0.0032084861566453677,-0.00423632425908086,-0.007080200263691848,0.043417550390887946,-0.20634690352122553,1.0,0.003080532160871861,0.015110181956807373
low_HT18_4b_2,-0.017646015224943738,0.00026772684874962644,0.0001308910422342055,0.0003371674259520139,-0.0005848398785737623,4.398355970925708e-05,-0.0012405923359941951,-0.001064904784469038,0.004416873736040405,-0.00027490420053546776,0.0025986688177860847,0.00032431133862089964,-0.00042826256254342477,-0.0007156658733908007,0.004388671569160436,-7.652848058489562e-05,0.003080532160871861,1.0000000000000002,-0.18805425044599294
high_HT18_4b_2,-0.08655500088025912,0.0013132485362284125,0.0006419810548713029,0.001653760742079096,-0.002868660155470949,0.00021593282161549418,-0.006085180157811125,-0.005223568171566664,0.021665198714919537,-0.001348173638515413,0.012746516381918883,0.0015907601398276502,-0.002100352203768376,-0.003510428474543272,0.021526814221217952,-0.0003754068555449211,0.015110181956807373,-0.18805425044599294,1.0000000000000002
